y =

     1
     1
     1
     1


final_eig_val =

  -10.0782


final_eig_vect =

    0.0953
   -0.0222
    0.0228
   -0.9949
