
lambda2 =

   -3.8971


lambda3 =

    1.1596


lambda4 =

    7.2166
