>> Z = P*(D^12)*P_Inv*v

Z =

   33.3345
  166.6655

>> Z

Z =

   33.3345
  166.6655

>> Z(1) + Z(2)

ans =

   200
